2130903555 2130903575
2130903554 2130903574
2130903553 2130903573
2130903552 2130903572
2130903559 2130903579
2130903558 2130903578
2130903557 2130903577
2130903556 2130903576
2130903563 2130903583
2130903562 2130903582
2130903561 2130903581
2130903560 2130903580
2130903567 2130903588
2130903566 2130903587
2130903565 2130903585
2130903564 2130903584
2130903571 2130903592
2130903570 2130903591
2130903569 2130903590
2130903568 2130903589
2130903575 2130903596
2130903574 2130903595
2130903573 2130903594
2130903572 2130903593
2130903299 2130903318
2131165447 2131165540
2131230984 2131231218
2131689743 2131689764
2130903298 2130903317
2131165446 2131165595
2131230985 2131231146
2131689742 2131689763
2130903297 2130903316
2131165445 2131165572
2131230986 2131231147
2131689741 2131689762
2130903296 2130903315
2131165444 2131165594
2131230987 2131231140
2131689740 2131689761
2130903303 2130903322
2131165443 2131165536
2131230988 2131231142
2131689739 2131689760
2130903302 2130903321
2131165442 2131165535
2131230989 2131231143
2131689738 2131689759
2130903301 2130903320
2131165441 2131165593
2131230990 2131231144
2131689737 2131689758
2130903300 2130903319
2131165440 2131165592
2131689736 2131689757
2130903307 2130903326
2131165455 2131165550
2131230976 2131231212
2131689735 2131689756
2130903306 2130903325
2131165454 2131165549
2131230977 2131231213
2131689734 2131689755
2130903305 2130903324
2131165453 2131165546
2131230978 2131231181
2131689733 2131689754
2130903304 2130903323
2131165452 2131165545
2131230979 2131231214
2131689732 2131689753
2130903311 2130903330
2131165451 2131165544
2131230980 2131231215
2131689731 2131689752
2130903310 2130903329
2131165450 2131165543
2131230981 2131231182
2131689730 2131689751
2130903309 2130903328
2131165449 2131165542
2131230982 2131231216
2131689729 2131689750
2130903308 2130903327
2131165448 2131165541
2131230983 2131231217
2131689728 2131689749
2130903315 2130903334
2131689759 2131689785
2130903314 2130903333
2131689758 2131689783
2130903313 2130903332
2131689757 2131689781
2130903312 2130903331
2131689756 2131689778
2130903319 2130903338
2131689755 2131689776
2130903318 2130903337
2131689754 2131689775
2130903317 2130903336
2131689753 2131689774
2130903316 2130903335
2131165456 2131165553
2131689752 2131689773
2130903323 2130903342
2131689751 2131689772
2130903322 2130903341
2131689750 2131689771
2130903321 2130903340
2131689749 2131689770
2130903320 2130903339
2131689748 2131689769
2130903327 2130903346
2131689747 2131689768
2130903326 2130903345
2131689746 2131689767
2130903325 2130903344
2131689745 2131689766
2130903324 2130903343
2131689744 2131689765
2130903331 2130903350
2131689775 2131689801
2130903330 2130903349
2131689774 2131689800
2130903329 2130903348
2131689773 2131689799
2130903328 2130903347
2131689772 2131689798
2130903335 2130903354
2131689771 2131689797
2130903334 2130903353
2131689770 2131689796
2130903333 2130903352
2131689769 2131689795
2130903332 2130903351
2131689768 2131689794
2130903339 2130903358
2131689767 2131689793
2130903338 2130903357
2131689766 2131689792
2130903337 2130903356
2131689765 2131689791
2130903336 2130903355
2131689764 2131689790
2130903343 2130903362
2131689763 2131689789
2130903342 2130903361
2131689762 2131689788
2130903341 2130903360
2131689761 2131689787
2130903340 2130903359
2131689760 2131689786
2130903347 2130903366
2131689791 2131689818
2130903346 2130903365
2131689790 2131689817
2130903345 2130903364
2131689789 2131689816
2130903344 2130903363
2131689788 2131689815
2130903351 2130903370
2131689787 2131689814
2130903350 2130903369
2131689786 2131689813
2130903349 2130903368
2131689785 2131689812
2130903348 2130903367
2131689784 2131689810
2130903355 2130903374
2131689783 2131689809
2130903354 2130903373
2131689782 2131689808
2130903353 2130903372
2131689781 2131689807
2130903352 2130903371
2131689780 2131689806
2130903359 2130903378
2131689779 2131689805
2130903358 2130903377
2131689778 2131689804
2130903357 2130903376
2131689777 2131689803
2130903356 2130903375
2131689776 2131689802
2130903363 2130903382
2131689807 2131689834
2130903362 2130903381
2131689806 2131689833
2130903361 2130903380
2131689805 2131689832
2130903360 2130903379
2131689804 2131689831
2130903367 2130903386
2131689803 2131689830
2130903366 2130903385
2131689802 2131689829
2130903365 2130903384
2131689801 2131689828
2130903364 2130903383
2131689800 2131689827
2130903371 2130903390
2131689799 2131689826
2130903370 2130903389
2131689798 2131689825
2130903369 2130903388
2131689797 2131689824
2130903368 2130903387
2131689796 2131689823
2130903375 2130903394
2131689795 2131689822
2130903374 2130903393
2131689794 2131689821
2130903373 2130903392
2131689793 2131689820
2130903372 2130903391
2131689792 2131689819
2130903379 2130903398
2131689823 2131689851
2130903378 2130903397
2131689822 2131689850
2130903377 2130903396
2131689821 2131689849
2130903376 2130903395
2131689820 2131689848
2130903383 2130903402
2131689819 2131689847
2130903382 2130903401
2131689818 2131689846
2130903381 2130903400
2131689817 2131689845
2130903380 2130903399
2131689816 2131689844
2130903387 2130903406
2131689815 2131689843
2130903386 2130903405
2131689814 2131689842
2130903385 2130903404
2131689813 2131689841
2130903384 2130903403
2131689812 2131689840
2130903391 2130903410
2131689811 2131689838
2130903390 2130903409
2131689810 2131689837
2130903389 2130903408
2131689809 2131689836
2130903388 2130903407
2131689808 2131689835
2130903395 2130903414
2131689839 2131689867
2130903394 2130903413
2131689838 2131689866
2130903393 2130903412
2131689837 2131689865
2130903392 2130903411
2131689836 2131689864
2130903399 2130903418
2131689835 2131689863
2130903398 2130903417
2131689834 2131689862
2130903397 2130903416
2131689833 2131689861
2130903396 2130903415
2131689832 2131689860
2130903403 2130903422
2131689831 2131689859
2130903402 2130903421
2131689830 2131689858
2130903401 2130903420
2131689829 2131689857
2130903400 2130903419
2131689828 2131689856
2130903407 2130903426
2131689827 2131689855
2130903406 2130903425
2131689826 2131689854
2130903405 2130903424
2131689825 2131689853
2130903404 2130903423
2131689824 2131689852
2130903411 2130903430
2131689855 2131689884
2130903410 2130903429
2131689854 2131689883
2130903409 2130903428
2131689853 2131689882
2130903408 2130903427
2131689852 2131689881
2130903415 2130903434
2131689851 2131689879
2130903414 2130903433
2131689850 2131689878
2130903413 2130903432
2131689849 2131689877
2130903412 2130903431
2131689848 2131689876
2130903419 2130903438
2131689847 2131689875
2130903418 2130903437
2131689846 2131689874
2130903417 2130903436
2131689845 2131689873
2130903416 2130903435
2131689844 2131689872
2130903423 2130903442
2131689843 2131689871
2130903422 2130903441
2131689842 2131689870
2130903421 2130903440
2131689841 2131689869
2130903420 2130903439
2131689840 2131689868
2130903427 2130903446
2131689871 2131689900
2130903426 2130903445
2131689870 2131689899
2130903425 2130903444
2131689869 2131689898
2130903424 2130903443
2131689868 2131689897
2130903431 2130903450
2131689867 2131689896
2130903430 2130903449
2131689866 2131689895
2130903429 2130903448
2131689865 2131689894
2130903428 2130903447
2131689864 2131689893
2130903435 2130903455
2131689863 2131689892
2130903434 2130903454
2131689862 2131689891
2130903433 2130903453
2131689861 2131689890
2130903432 2130903452
2131689860 2131689889
2130903439 2130903459
2131689859 2131689888
2130903438 2130903458
2131689858 2131689887
2130903437 2130903457
2131689857 2131689886
2130903436 2130903456
2131689856 2131689885
2130903443 2130903463
2131689887 2131689916
2130903442 2130903462
2131689886 2131689915
2130903441 2130903461
2131689885 2131689914
2130903440 2130903460
2131689884 2131689913
2130903447 2130903467
2131689883 2131689912
2130903446 2130903466
2131689882 2131689911
2130903445 2130903465
2131689881 2131689910
2130903444 2130903464
2131689880 2131689909
2130903451 2130903471
2131689879 2131689908
2130903450 2130903470
2131689878 2131689907
2130903449 2130903469
2131689877 2131689906
2130903448 2130903468
2131689876 2131689905
2130903455 2130903475
2131689875 2131689904
2130903454 2130903474
2131689874 2131689903
2130903453 2130903473
2131689873 2131689902
2130903452 2130903472
2131689872 2131689901
2130903459 2130903479
2131689903 2131689932
2130903458 2130903478
2131689902 2131689931
2130903457 2130903477
2131689901 2131689930
2130903456 2130903476
2131689900 2131689929
2130903463 2130903483
2131689899 2131689928
2130903462 2130903482
2131689898 2131689927
2130903461 2130903481
2131689897 2131689926
2130903460 2130903480
2131689896 2131689925
2130903467 2130903487
2131689895 2131689924
2130903466 2130903486
2131689894 2131689923
2130903465 2130903485
2131689893 2131689922
2130903464 2130903484
2131689892 2131689921
2130903471 2130903491
2131689891 2131689920
2130903470 2130903490
2131689890 2131689919
2130903469 2130903489
2131689889 2131689918
2130903468 2130903488
2131689888 2131689917
2130903475 2130903495
2131689919 2131689948
2130903474 2130903494
2131689918 2131689947
2130903473 2130903493
2131689917 2131689946
2130903472 2130903492
2131689916 2131689945
2130903479 2130903499
2131689915 2131689944
2130903478 2130903498
2131689914 2131689943
2130903477 2130903497
2131689913 2131689942
2130903476 2130903496
2131689912 2131689941
2130903483 2130903503
2131689911 2131689940
2130903482 2130903502
2131689910 2131689939
2130903481 2130903501
2131689909 2131689938
2130903480 2130903500
2131689908 2131689937
2130903487 2130903507
2131689907 2131689936
2130903486 2130903506
2131689906 2131689935
2130903485 2130903505
2131689905 2131689934
2130903484 2130903504
2131689904 2131689933
2130903491 2130903511
2131689935 2131689964
2130903490 2130903510
2131689934 2131689963
2130903489 2130903509
2131689933 2131689962
2130903488 2130903508
2131689932 2131689961
2130903495 2130903515
2131689931 2131689960
2130903494 2130903514
2131689930 2131689959
2130903493 2130903513
2131689929 2131689958
2130903492 2130903512
2131689928 2131689957
2130903499 2130903519
2131689927 2131689956
2130903498 2130903518
2131689926 2131689955
2130903497 2130903517
2131689925 2131689954
2130903496 2130903516
2131689924 2131689953
2130903503 2130903523
2131689923 2131689952
2130903502 2130903522
2131689922 2131689951
2130903501 2130903521
2131689921 2131689950
2130903500 2130903520
2131689920 2131689949
2130903507 2130903527
2131689951 2131689980
2130903506 2130903526
2131689950 2131689979
2130903505 2130903525
2131689949 2131689978
2130903504 2130903524
2131689948 2131689977
2130903511 2130903531
2131689947 2131689976
2130903510 2130903530
2131689946 2131689975
2130903509 2130903529
2131689945 2131689974
2130903508 2130903528
2131689944 2131689973
2130903515 2130903535
2131689943 2131689972
2130903514 2130903534
2131689942 2131689971
2130903513 2130903533
2131689941 2131689970
2130903512 2130903532
2131689940 2131689969
2130903519 2130903539
2131689939 2131689968
2130903518 2130903538
2131689938 2131689967
2130903517 2130903537
2131689937 2131689966
2130903516 2130903536
2131689936 2131689965
2130903523 2130903543
2131689967 2131689996
2130903522 2130903542
2131689966 2131689995
2130903521 2130903541
2131689965 2131689994
2130903520 2130903540
2131689964 2131689993
2130903527 2130903547
2131689963 2131689992
2130903526 2130903546
2131689962 2131689991
2130903525 2130903545
2131689961 2131689990
2130903524 2130903544
2131689960 2131689989
2130903531 2130903551
2131689959 2131689988
2130903530 2130903550
2131689958 2131689987
2130903529 2130903549
2131689957 2131689986
2130903528 2130903548
2131689956 2131689985
2130903535 2130903555
2131689955 2131689984
2130903534 2130903554
2131689954 2131689983
2130903533 2130903553
2131689953 2131689982
2130903532 2130903552
2131689952 2131689981
2130903539 2130903559
2130903538 2130903558
2130903537 2130903557
2130903536 2130903556
2130903543 2130903563
2130903542 2130903562
2130903541 2130903561
2130903540 2130903560
2130903547 2130903567
2130903546 2130903566
2130903545 2130903565
2131689973 2131690012
2130903544 2130903564
2131689972 2131690001
2130903551 2130903571
2131689971 2131690000
2130903550 2130903570
2131689970 2131689999
2130903549 2130903569
2131689969 2131689998
2130903548 2130903568
2131689968 2131689997
2130968580 2130968581
2131165191 2131165190
2131230728 2131230730
2131296265 2131296266
2131689487 2131689493
2130968581 2130968582
2131165190 2131165573
2131230729 2131230731
2131296264 2131296265
2131689486 2131689492
2131230730 2131230732
2131296267 2131296268
2131689485 2131689491
2131230731 2131230733
2131296266 2131296267
2131689484 2131689490
2131230732 2131230734
2131296269 2131296270
2131689483 2131689489
2131230733 2131230735
2131296268 2131296269
2131689482 2131689488
2131230734 2131230736
2131689481 2131689486
2130968579 2130968580
2131230735 2131230737
2131296270 2131296271
2131689480 2131689485
2131165199 2131165198
2131689479 2131689483
2131165198 2131165197
2131689478 2131689482
2131165197 2131165196
2131689477 2131689481
2131165196 2131165195
2131689476 2131689480
2131165195 2131165194
2131689475 2131689479
2131165194 2131165193
2131689474 2131689478
2131165193 2131165192
2131230726 2131230728
2131492866 2131492867
2131689473 2131689477
2131165192 2131165191
2131230727 2131230729
2131689472 2131689476
2131165207 2131165206
2131230744 2131230747
2131689503 2131689509
2131165206 2131165205
2131230745 2131230748
2131689502 2131689508
2131165205 2131165204
2131230746 2131230758
2131689501 2131689507
2131165204 2131165203
2131230747 2131230763
2131689500 2131689506
2131165203 2131165202
2131230748 2131230764
2131427359 2131427365
2131689499 2131689505
2131165202 2131165201
2131230749 2131230765
2131427358 2131427459
2131689498 2131689504
2131165201 2131165200
2131230750 2131230767
2131427357 2131427458
2131689497 2131689503
2131165200 2131165199
2131230751 2131230768
2131427356 2131427457
2131689496 2131689502
2131165215 2131165214
2131230736 2131230739
2131689495 2131689501
2131165214 2131165213
2131230737 2131230740
2131689494 2131689500
2131034143 2131034301
2131165213 2131165212
2131230738 2131230741
2131689493 2131689499
2131165212 2131165211
2131230739 2131230742
2131689492 2131689498
2131165211 2131165210
2131230740 2131230743
2131689491 2131689497
2131165210 2131165209
2131230741 2131230744
2131689490 2131689496
2131165209 2131165208
2131230742 2131230745
2131689489 2131689495
2131165208 2131165207
2131230743 2131230746
2131689488 2131689494
2130903075 2130903078
2131034149 2131034145
2131165223 2131165222
2131230760 2131230791
2131427371 2131427395
2131623982 2131623990
2131689519 2131689525
2130903074 2130903077
2131034148 2131034144
2131165222 2131165221
2131230761 2131230792
2131427370 2131427394
2131623983 2131623991
2131689518 2131689524
2131034151 2131034147
2131165221 2131165220
2131230762 2131230793
2131427369 2131427393
2131623980 2131623988
2131689517 2131689523
2131034150 2131034146
2131165220 2131165219
2131230763 2131230794
2131427368 2131427392
2131623981 2131623989
2131689516 2131689522
2130903079 2130903082
2131034145 2131034311
2131165219 2131165218
2131230764 2131230795
2131427375 2131427399
2131623978 2131623986
2131689515 2131689521
2130903078 2130903081
2131034144 2131034302
2131165218 2131165217
2131230765 2131230796
2131427374 2131427398
2131623979 2131623987
2131689514 2131689520
2130903077 2130903080
2131034147 2131034143
2131165217 2131165216
2131230766 2131230798
2131427373 2131427397
2131623976 2131623982
2131689513 2131689519
2130903076 2130903079
2131034146 2131034312
2131165216 2131165215
2131230767 2131230799
2131427372 2131427396
2131623977 2131623983
2131689512 2131689518
2130903083 2130903086
2131034157 2131034158
2131165231 2131165230
2131230752 2131230770
2131427363 2131427387
2131689511 2131689517
2130903082 2130903085
2131034156 2131034157
2131165230 2131165229
2131230753 2131230771
2131427362 2131427466
2131623975 2131623981
2131689510 2131689516
2130903081 2130903084
2131034159 2131034303
2131165229 2131165228
2131230754 2131230772
2131427361 2131427454
2131689509 2131689515
2130903080 2130903083
2131034158 2131034159
2131165228 2131165227
2131230755 2131230773
2131427360 2131427465
2131689508 2131689514
2130903087 2130903090
2131034153 2131034154
2131165227 2131165226
2131230756 2131231157
2131427367 2131427391
2131689507 2131689513
2130903086 2130903089
2131034152 2131034148
2131165226 2131165225
2131230757 2131231188
2131427366 2131427390
2131689506 2131689512
2130903085 2130903088
2131034155 2131034156
2131165225 2131165224
2131230758 2131230783
2131427365 2131427389
2131689505 2131689511
2130903084 2130903087
2131034154 2131034155
2131165224 2131165223
2131230759 2131231145
2131427364 2131427388
2131689504 2131689510
2130903091 2130903094
2131165239 2131165238
2131230776 2131230828
2131427387 2131427433
2131623998 2131624055
2131689535 2131689541
2130903090 2130903093
2131165238 2131165237
2131230777 2131230831
2131427386 2131427432
2131623999 2131624056
2131689534 2131689540
2130903089 2130903092
2131034167 2131034308
2131165237 2131165236
2131230778 2131230832
2131427385 2131427464
2131623996 2131624052
2131689533 2131689539
2130903088 2130903091
2131034166 2131034307
2131165236 2131165235
2131230779 2131230833
2131427384 2131427469
2131623997 2131624053
2131689532 2131689538
2130903095 2130903098
2131034161 2131034305
2131165235 2131165234
2131230780 2131230834
2131427391 2131427444
2131623994 2131624049
2131689531 2131689537
2130903094 2130903097
2131034160 2131034304
2131165234 2131165233
2131230781 2131230835
2131427390 2131427443
2131623995 2131624051
2131689530 2131689536
2130903093 2130903096
2131165233 2131165232
2131230782 2131230836
2131427389 2131427436
2131623992 2131624000
2131689529 2131689535
2130903092 2130903095
2131034162 2131034306
2131165232 2131165231
2131230783 2131230837
2131427388 2131427435
2131623993 2131624047
2131689528 2131689534
2130903099 2130903102
2131034173 2131034317
2131165247 2131165246
2131230768 2131230802
2131427379 2131427461
2131623990 2131623998
2131689527 2131689533
2130903098 2130903101
2131034172 2131034166
2131165246 2131165245
2131230769 2131230819
2131427378 2131427460
2131623991 2131623999
2131689526 2131689532
2130903097 2130903100
2131034175 2131034167
2131165245 2131165244
2131230770 2131230820
2131427377 2131427455
2131623988 2131623996
2131689525 2131689531
2130903096 2130903099
2131034174 2131034318
2131165244 2131165243
2131230771 2131230821
2131427376 2131427400
2131623989 2131623997
2131689524 2131689530
2130903103 2130903106
2131034169 2131034314
2131165243 2131165242
2131230772 2131230822
2131427383 2131427468
2131623986 2131623994
2131689523 2131689529
2130903102 2130903105
2131034168 2131034313
2131165242 2131165241
2131230773 2131230823
2131427382 2131427467
2131623987 2131623995
2131689522 2131689528
2130903101 2130903104
2131034171 2131034316
2131165241 2131165240
2131230774 2131230824
2131427381 2131427462
2131623984 2131623992
2131689521 2131689527
2130903100 2130903103
2131034170 2131034315
2131165240 2131165239
2131230775 2131230826
2131427380 2131427456
2131623985 2131623993
2131689520 2131689526
2130903107 2130903110
2131034181 2131034202
2131165255 2131165254
2131230792 2131230864
2131624014 2131624106
2131689551 2131689557
2130903106 2130903109
2131034180 2131034201
2131165254 2131165253
2131230793 2131230865
2131624015 2131624107
2131689550 2131689556
2130903105 2130903108
2131034183 2131034204
2131165253 2131165252
2131230794 2131230866
2131624012 2131624104
2131689549 2131689555
2130903104 2130903107
2131034182 2131034203
2131165252 2131165251
2131230795 2131230867
2131624013 2131624105
2131689548 2131689554
2130903111 2130903114
2131034177 2131034320
2131165251 2131165250
2131230796 2131230868
2131624010 2131624102
2131689547 2131689553
2130903110 2130903113
2131034176 2131034319
2131165250 2131165249
2131230797 2131230869
2131624011 2131624103
2131689546 2131689552
2130903109 2130903112
2131034179 2131034310
2131165249 2131165248
2131230798 2131230871
2131624008 2131624100
2131689545 2131689551
2130903108 2130903111
2131034178 2131034168
2131165248 2131165247
2131230799 2131230872
2131624009 2131624101
2131689544 2131689550
2130903115 2130903118
2131034189 2131034210
2131099726 2131099730
2131165263 2131165262
2131230784 2131230838
2131427395 2131427451
2131624006 2131624098
2131689543 2131689549
2130903114 2130903117
2131034188 2131034209
2131099727 2131099733
2131165262 2131165261
2131230785 2131230850
2131427394 2131427450
2131624007 2131624099
2131689542 2131689548
2130903113 2130903116
2131034191 2131034212
2131099724 2131099726
2131165261 2131165260
2131230786 2131230851
2131427393 2131427449
2131624004 2131624096
2131689541 2131689547
2130903112 2130903115
2131034190 2131034211
2131099725 2131099729
2131165260 2131165259
2131230787 2131230853
2131427392 2131427448
2131624005 2131624097
2131689540 2131689546
2130903119 2130903122
2131034185 2131034206
2131165259 2131165258
2131230788 2131230854
2131624002 2131624094
2131689539 2131689545
2130903118 2130903121
2131034184 2131034205
2131099723 2131099724
2131165258 2131165257
2131230789 2131230857
2131624003 2131624095
2131689538 2131689544
2130903117 2130903120
2131034187 2131034208
2131165257 2131165256
2131230790 2131230858
2131427397 2131427453
2131624000 2131624078
2131689537 2131689543
2130903116 2130903119
2131034186 2131034207
2131165256 2131165255
2131230791 2131230859
2131427396 2131427452
2131624001 2131624086
2131689536 2131689542
2130903123 2130903126
2131034197 2131034218
2131099734 2131099756
2131165271 2131165270
2131230808 2131230901
2131624030 2131624139
2131689567 2131689573
2130903122 2130903125
2131034196 2131034217
2131099735 2131099757
2131165270 2131165269
2131230809 2131230904
2131624031 2131624141
2131689566 2131689572
2130903121 2130903124
2131034199 2131034221
2131099732 2131099754
2131165269 2131165268
2131230810 2131230905
2131624028 2131624135
2131689565 2131689571
2130903120 2130903123
2131034198 2131034219
2131099733 2131099755
2131165268 2131165267
2131230811 2131230906
2131624029 2131624136
2131689564 2131689570
2130903127 2130903131
2131034193 2131034214
2131099730 2131099752
2131165267 2131165266
2131230812 2131231189
2131624026 2131624131
2131689563 2131689569
2130903126 2130903130
2131034192 2131034213
2131099731 2131099753
2131165266 2131165265
2131230813 2131231158
2131624027 2131624132
2131689562 2131689568
2130903125 2130903128
2131034195 2131034216
2131099728 2131099734
2131165265 2131165264
2131230814 2131231190
2131624024 2131624129
2131689561 2131689567
2130903124 2130903127
2131034194 2131034215
2131099729 2131099735
2131165264 2131165263
2131230815 2131231191
2131624025 2131624130
2131689560 2131689566
2130903131 2130903135
2131034205 2131034227
2131099742 2131099764
2131165279 2131165575
2131230800 2131230873
2131624022 2131624127
2131689559 2131689565
2130903130 2130903134
2131034204 2131034226
2131099743 2131099765
2131165278 2131165574
2131230801 2131230874
2131624023 2131624128
2131689558 2131689564
2130903129 2130903133
2131034207 2131034229
2131099740 2131099762
2131230802 2131230879
2131624020 2131624125
2131689557 2131689563
2130903128 2130903132
2131034206 2131034228
2131099741 2131099763
2131230803 2131230881
2131624021 2131624126
2131689556 2131689562
2130903135 2130903139
2131034201 2131034223
2131099738 2131099760
2131230804 2131230882
2131624018 2131624115
2131689555 2131689561
2130903134 2130903138
2131034200 2131034222
2131099739 2131099761
2131165274 2131165273
2131230805 2131230883
2131624019 2131624124
2131689554 2131689560
2130903133 2130903137
2131034203 2131034225
2131099736 2131099758
2131165273 2131165272
2131230806 2131230885
2131624016 2131624108
2131689553 2131689559
2130903132 2130903136
2131034202 2131034224
2131099737 2131099759
2131165272 2131165271
2131230807 2131230886
2131624017 2131624109
2131689552 2131689558
2130903139 2130903143
2131034213 2131034235
2131099750 2131099772
2131165287 2131165341
2131230824 2131231197
2131624046 2131624221
2131689583 2131689589
2130903138 2130903142
2131034212 2131034234
2131099751 2131099773
2131165286 2131165340
2131230825 2131230908
2131624047 2131624222
2131689582 2131689588
2130903137 2130903141
2131034215 2131034237
2131099748 2131099770
2131165285 2131165338
2131230826 2131230910
2131624044 2131624219
2131689581 2131689587
2130903136 2130903140
2131034214 2131034236
2131099749 2131099771
2131230827 2131230920
2131624045 2131624220
2131689580 2131689586
2130903143 2130903147
2131034209 2131034231
2131099746 2131099768
2131230828 2131230922
2131624042 2131624217
2131689579 2131689585
2130903142 2130903146
2131034208 2131034230
2131099747 2131099769
2131165282 2131165555
2131230829 2131230923
2131624043 2131624218
2131689578 2131689584
2130903141 2130903145
2131034211 2131034233
2131099744 2131099766
2131165281 2131165279
2131230830 2131230924
2131624040 2131624161
2131689577 2131689583
2130903140 2130903144
2131034210 2131034232
2131099745 2131099767
2131165280 2131165278
2131230831 2131230927
2131624041 2131624216
2131689576 2131689582
2130903147 2130903151
2131034221 2131034243
2131099758 2131099780
2131165295 2131165350
2131230816 2131231192
2131624038 2131624159
2131689575 2131689581
2130903146 2130903150
2131034220 2131034242
2131099759 2131099781
2131165294 2131165348
2131230817 2131231159
2131624039 2131624160
2131689574 2131689580
2130903145 2130903149
2131034223 2131034245
2131099756 2131099778
2131165293 2131165347
2131230818 2131231160
2131624036 2131624157
2131689573 2131689579
2130903144 2130903148
2131034222 2131034244
2131099757 2131099779
2131165292 2131165346
2131230819 2131231155
2131624037 2131624158
2131689572 2131689578
2130903151 2130903155
2131034217 2131034239
2131099754 2131099776
2131165291 2131165345
2131230820 2131231193
2131624034 2131624155
2131689571 2131689577
2130903150 2130903154
2131034216 2131034238
2131099755 2131099777
2131165290 2131165344
2131230821 2131231194
2131624035 2131624156
2131689570 2131689576
2130903149 2130903153
2131034219 2131034241
2131099752 2131099774
2131165289 2131165343
2131230822 2131231195
2131624032 2131624146
2131689569 2131689575
2130903148 2130903152
2131034218 2131034240
2131099753 2131099775
2131165288 2131165342
2131230823 2131231196
2131624033 2131624154
2131689568 2131689574
2130903155 2130903159
2131034229 2131034251
2131099766 2131099788
2131165303 2131165358
2131230840 2131230946
2131689599 2131689605
2130903154 2130903158
2131034228 2131034250
2131099767 2131099789
2131165302 2131165357
2131230841 2131230948
2131689598 2131689604
2130903153 2130903157
2131034231 2131034253
2131099764 2131099786
2131165301 2131165356
2131230842 2131230951
2131689597 2131689603
2130903152 2130903156
2131034230 2131034252
2131099765 2131099787
2131165300 2131165355
2131230843 2131230952
2131689596 2131689602
2130903159 2130903163
2131034225 2131034247
2131099762 2131099784
2131165299 2131165354
2131230844 2131230953
2131624058 2131624215
2131689595 2131689601
2130903158 2130903162
2131034224 2131034246
2131099763 2131099785
2131165298 2131165353
2131230845 2131230954
2131689594 2131689600
2130903157 2130903161
2131034227 2131034249
2131099760 2131099782
2131165297 2131165352
2131230846 2131230955
2131624056 2131624209
2131689593 2131689599
2130903156 2130903160
2131034226 2131034248
2131099761 2131099783
2131165296 2131165351
2131230847 2131230958
2131624057 2131624214
2131689592 2131689598
2130903163 2130903168
2131034237 2131034259
2131099774 2131099796
2131165311 2131165366
2131230832 2131230931
2131624054 2131624197
2131689591 2131689597
2130903162 2130903167
2131034236 2131034258
2131099775 2131099797
2131165310 2131165365
2131230833 2131230935
2131624055 2131624208
2131689590 2131689596
2130903161 2130903165
2131034239 2131034261
2131099772 2131099794
2131165309 2131165364
2131230834 2131230936
2131624052 2131624167
2131689589 2131689595
2130903160 2130903164
2131034238 2131034260
2131099773 2131099795
2131165308 2131165363
2131230835 2131230938
2131624053 2131624168
2131689588 2131689594
2130903167 2130903172
2131034233 2131034255
2131099770 2131099792
2131165307 2131165362
2131230836 2131230939
2131624050 2131624165
2131689587 2131689593
2130903166 2130903171
2131034232 2131034254
2131099771 2131099793
2131165306 2131165361
2131230837 2131230941
2131624051 2131624166
2131689586 2131689592
2130903165 2130903170
2131034235 2131034257
2131099768 2131099790
2131165305 2131165360
2131230838 2131230942
2131624048 2131624162
2131689585 2131689591
2130903164 2130903169
2131034234 2131034256
2131099769 2131099791
2131165304 2131165359
2131230839 2131230943
2131624049 2131624163
2131689584 2131689590
2130903171 2130903176
2131034245 2131034268
2131099782 2131099804
2131165319 2131165373
2131230856 2131230975
2131689615 2131689621
2130903170 2130903175
2131034244 2131034267
2131099783 2131099805
2131165318 2131165372
2131230857 2131230979
2131689614 2131689620
2130903169 2130903174
2131034247 2131034271
2131099780 2131099802
2131165317 2131165371
2131230858 2131231151
2131689613 2131689619
2130903168 2130903173
2131034246 2131034270
2131099781 2131099803
2131165316 2131165370
2131230859 2131230985
2131689612 2131689618
2130903175 2130903180
2131034241 2131034263
2131099778 2131099800
2131165315 2131165369
2131230860 2131230986
2131689611 2131689617
2130903174 2130903179
2131034240 2131034262
2131099779 2131099801
2131165314 2131165368
2131230861 2131230987
2131689610 2131689616
2130903173 2130903178
2131034243 2131034266
2131099776 2131099798
2131165313 2131165367
2131230862 2131230988
2131689609 2131689615
2130903172 2130903177
2131034242 2131034264
2131099777 2131099799
2131165312 2131165557
2131230863 2131230991
2131689608 2131689614
2130903179 2130903184
2131034253 2131034277
2131099790 2131099812
2131165327 2131165381
2131230848 2131230959
2131689607 2131689613
2130903178 2130903183
2131034252 2131034276
2131099791 2131099813
2131165326 2131165380
2131230849 2131230961
2131689606 2131689612
2130903177 2130903182
2131034255 2131034279
2131099788 2131099810
2131165325 2131165379
2131230850 2131230962
2131689605 2131689611
2130903176 2130903181
2131034254 2131034278
2131099789 2131099811
2131165324 2131165378
2131230851 2131230963
2131689604 2131689610
2130903183 2130903188
2131034249 2131034273
2131099786 2131099808
2131165323 2131165377
2131230852 2131230964
2131689603 2131689609
2130903182 2130903187
2131034248 2131034272
2131099787 2131099809
2131165322 2131165376
2131230853 2131230966
2131689602 2131689608
2130903181 2130903186
2131034251 2131034275
2131099784 2131099806
2131165321 2131165375
2131230854 2131230967
2131689601 2131689607
2130903180 2130903185
2131034250 2131034274
2131099785 2131099807
2131165320 2131165374
2131230855 2131230974
2131689600 2131689606
2130903187 2130903205
2131034261 2131034286
2131099798 2131099824
2131165335 2131165389
2131230872 2131231000
2131689631 2131689637
2130903186 2130903204
2131034260 2131034285
2131099799 2131099825
2131165334 2131165388
2131230873 2131231001
2131689630 2131689636
2130903185 2130903191
2131034263 2131034288
2131099796 2131099822
2131165333 2131165387
2131230874 2131231002
2131689629 2131689635
2130903184 2130903190
2131034262 2131034287
2131099797 2131099823
2131165332 2131165386
2131230875 2131231003
2131689628 2131689634
2130903191 2130903209
2131034257 2131034281
2131099794 2131099816
2131165331 2131165385
2131230876 2131231004
2131689627 2131689633
2130903190 2130903208
2131034256 2131034280
2131099795 2131099821
2131165330 2131165384
2131230877 2131231005
2131689626 2131689632
2130903189 2130903207
2131034259 2131034283
2131099792 2131099814
2131165329 2131165383
2131230878 2131231006
2131689625 2131689631
2130903188 2130903206
2131034258 2131034282
2131099793 2131099815
2131165328 2131165382
2131230879 2131231007
2131689624 2131689630
2130903195 2130903213
2131034269 2131034298
2131099806 2131099832
2131165343 2131165400
2131230864 2131230992
2131689623 2131689629
2130903194 2130903212
2131034268 2131034293
2131099807 2131099833
2131165342 2131165399
2131230865 2131230993
2131689622 2131689628
2130903193 2130903211
2131099804 2131099830
2131165341 2131165395
2131230866 2131230994
2131689621 2131689627
2130903192 2130903210
2131034270 2131034299
2131099805 2131099831
2131165340 2131165394
2131230867 2131230995
2131689620 2131689626
2130903199 2130903217
2131034265 2131034290
2131099802 2131099828
2131165339 2131165393
2131230868 2131230996
2131689619 2131689625
2130903198 2130903216
2131034264 2131034289
2131099803 2131099829
2131165338 2131165392
2131230869 2131230997
2131689618 2131689624
2130903197 2130903215
2131034267 2131034292
2131099800 2131099826
2131165337 2131165391
2131230870 2131230998
2131689617 2131689623
2130903196 2130903214
2131034266 2131034291
2131099801 2131099827
2131165336 2131165390
2131230871 2131230999
2131689616 2131689622
2130903203 2130903221
2131099814 2131099840
2131165351 2131165579
2131230888 2131231020
2131689647 2131689653
2130903202 2130903220
2131099815 2131099841
2131165350 2131165578
2131230889 2131231021
2131689646 2131689652
2130903201 2130903219
2131099812 2131099838
2131165349 2131165577
2131230890 2131231022
2131689645 2131689651
2130903200 2130903218
2131099813 2131099839
2131165348 2131165410
2131230891 2131231023
2131689644 2131689650
2130903207 2130903225
2131099810 2131099836
2131165347 2131165576
2131230892 2131231024
2131689643 2131689649
2130903206 2130903224
2131099811 2131099837
2131165346 2131165559
2131230893 2131231025
2131689642 2131689648
2130903205 2130903223
2131099808 2131099834
2131165345 2131165558
2131230894 2131231029
2131689641 2131689647
2130903204 2130903222
2131099809 2131099835
2131165344 2131165405
2131230895 2131231030
2131689640 2131689646
2130903211 2130903229
2131099822 2131099848
2131165359 2131165565
2131230880 2131231008
2131689639 2131689645
2130903210 2130903228
2131099823 2131099849
2131165358 2131165581
2131230881 2131231009
2131689638 2131689644
2130903209 2130903227
2131099820 2131099846
2131165357 2131165564
2131230882 2131231010
2131689637 2131689643
2130903208 2130903226
2131099821 2131099847
2131165356 2131165580
2131230883 2131231011
2131689636 2131689642
2130903215 2130903233
2131099818 2131099844
2131165355 2131165563
2131230884 2131231014
2131689635 2131689641
2130903214 2130903232
2131099819 2131099845
2131165354 2131165562
2131230885 2131231015
2131689634 2131689640
2130903213 2130903231
2131099816 2131099842
2131165353 2131165561
2131230886 2131231016
2131689633 2131689639
2130903212 2130903230
2131099817 2131099843
2131165352 2131165560
2131230887 2131231017
2131689632 2131689638
2130903219 2130903237
2131099830 2131099856
2131165367 2131165421
2131230904 2131231041
2131689663 2131689669
2130903218 2130903236
2131099831 2131099857
2131165366 2131165420
2131230905 2131231046
2131689662 2131689668
2130903217 2130903235
2131099828 2131099854
2131165365 2131165566
2131230906 2131231149
2131689661 2131689667
2130903216 2130903234
2131099829 2131099855
2131165364 2131165585
2131230907 2131231047
2131689660 2131689666
2130903223 2130903241
2131099826 2131099852
2131165363 2131165584
2131230908 2131231048
2131689659 2131689665
2130903222 2130903240
2131099827 2131099853
2131165362 2131165583
2131230909 2131231049
2131689658 2131689664
2130903221 2130903239
2131099824 2131099850
2131165361 2131165582
2131230910 2131231050
2131689657 2131689663
2130903220 2130903238
2131099825 2131099851
2131165360 2131165416
2131230911 2131231051
2131689656 2131689662
2130903227 2130903245
2131099838 2131099864
2131165375 2131165429
2131230896 2131231031
2131689655 2131689661
2130903226 2130903244
2131099839 2131099865
2131165374 2131165428
2131230897 2131231032
2131689654 2131689660
2130903225 2130903243
2131099836 2131099862
2131165373 2131165427
2131230898 2131231033
2131689653 2131689659
2130903224 2130903242
2131099837 2131099863
2131165372 2131165426
2131230899 2131231034
2131689652 2131689658
2130903231 2130903249
2131099834 2131099860
2131165371 2131165425
2131230900 2131231035
2131689651 2131689657
2130903230 2130903248
2131099835 2131099861
2131165370 2131165424
2131230901 2131231036
2131689650 2131689656
2130903229 2130903247
2131099832 2131099858
2131165369 2131165423
2131230902 2131231039
2131689649 2131689655
2130903228 2130903246
2131099833 2131099859
2131165368 2131165422
2131230903 2131231040
2131689648 2131689654
2130903235 2130903253
2131099846 2131099872
2131165383 2131165437
2131230920 2131231089
2131689679 2131689700
2130903234 2130903252
2131099847 2131099873
2131165382 2131165436
2131230921 2131231091
2131689678 2131689699
2130903233 2130903251
2131099844 2131099870
2131165381 2131165435
2131230922 2131231093
2131689677 2131689698
2130903232 2130903250
2131099845 2131099871
2131165380 2131165434
2131230923 2131231094
2131689676 2131689697
2130903239 2130903257
2131099842 2131099868
2131165379 2131165433
2131230924 2131231096
2131689675 2131689696
2130903238 2130903256
2131099843 2131099869
2131165378 2131165432
2131230925 2131231098
2131689674 2131689680
2130903237 2130903255
2131099840 2131099866
2131165377 2131165431
2131230926 2131231100
2131689673 2131689679
2130903236 2130903254
2131099841 2131099867
2131165376 2131165430
2131230927 2131231101
2131689672 2131689678
2130903243 2130903261
2131099854 2131099880
2131165391 2131165445
2131230912 2131231052
2131689671 2131689677
2130903242 2130903260
2131099855 2131099881
2131165390 2131165444
2131230913 2131231053
2131689670 2131689676
2130903241 2130903259
2131099852 2131099878
2131165389 2131165443
2131230914 2131231054
2131689669 2131689675
2130903240 2130903258
2131099853 2131099879
2131165388 2131165442
2131230915 2131231063
2131689668 2131689674
2130903247 2130903265
2131099850 2131099876
2131165387 2131165441
2131230916 2131231079
2131689667 2131689673
2130903246 2130903264
2131099851 2131099877
2131165386 2131165440
2131230917 2131231086
2131689666 2131689672
2130903245 2130903263
2131099848 2131099874
2131165385 2131165439
2131230918 2131231087
2131689665 2131689671
2130903244 2130903262
2131099849 2131099875
2131165384 2131165438
2131230919 2131231088
2131689664 2131689670
2130903251 2130903269
2131099862 2131099888
2131165399 2131165450
2131230936 2131231164
2131689695 2131689716
2130903250 2130903268
2131099863 2131099895
2131165398 2131165569
2131230937 2131231198
2131689694 2131689715
2130903249 2130903267
2131099860 2131099886
2131165397 2131165568
2131230938 2131231165
2131689693 2131689714
2130903248 2130903266
2131099861 2131099887
2131165396 2131165567
2131230939 2131231166
2131689692 2131689713
2130903255 2130903273
2131099858 2131099884
2131165395 2131165449
2131230940 2131231199
2131689691 2131689712
2130903254 2130903272
2131099859 2131099885
2131165394 2131165448
2131230941 2131231200
2131689690 2131689711
2130903253 2130903271
2131099856 2131099882
2131165393 2131165447
2131230942 2131231201
2131689689 2131689710
2130903252 2130903270
2131099857 2131099883
2131165392 2131165446
2131230943 2131231167
2131689688 2131689709
2130903259 2130903276
2131099870 2131099902
2131165407 2131165456
2131230928 2131231102
2131689687 2131689708
2130903258 2130903275
2131099871 2131099908
2131165406 2131165455
2131230929 2131231103
2131689686 2131689707
2130903257 2130903597
2131099868 2131099900
2131165405 2131165454
2131230930 2131231104
2131689685 2131689706
2130903256 2130903274
2131099869 2131099901
2131165404 2131165587
2131230931 2131231105
2131689684 2131689705
2130903263 2130903280
2131099866 2131099898
2131165403 2131165570
2131230932 2131231106
2131689683 2131689704
2130903262 2130903279
2131099867 2131099899
2131165402 2131165586
2131230933 2131231161
2131689682 2131689703
2130903261 2130903278
2131099864 2131099896
2131165401 2131165452
2131230934 2131231162
2131689681 2131689702
2130903260 2130903277
2131099865 2131099897
2131165400 2131165451
2131230935 2131231163
2131689680 2131689701
2130903267 2130903284
2131165415 2131165474
2131230952 2131231171
2131689711 2131689732
2130903266 2130903283
2131165414 2131165591
2131230953 2131231205
2131689710 2131689731
2130903265 2130903282
2131165413 2131165571
2131230954 2131231154
2131689709 2131689730
2130903264 2130903281
2131165412 2131165465
2131230955 2131231172
2131689708 2131689729
2130903271 2130903288
2131099874 2131099921
2131165411 2131165464
2131230956 2131231128
2131689707 2131689728
2130903270 2130903287
2131099875 2131099922
2131165410 2131165590
2131230957 2131231130
2131689706 2131689727
2130903269 2130903286
2131099872 2131099909
2131165409 2131165589
2131230958 2131231131
2131689705 2131689726
2130903268 2130903285
2131099873 2131099918
2131165408 2131165588
2131230959 2131231132
2131689704 2131689725
2130903275 2130903292
2131165423 2131165506
2131230944 2131231153
2131689703 2131689724
2130903274 2130903291
2131165422 2131165505
2131230945 2131231168
2131689702 2131689723
2130903273 2130903290
2131165421 2131165490
2131230946 2131231169
2131689701 2131689722
2130903272 2130903289
2131165420 2131165489
2131230947 2131231219
2131689700 2131689721
2130903279 2130903296
2131165419 2131165488
2131230948 2131231202
2131689699 2131689720
2130903278 2130903295
2131165418 2131165487
2131230949 2131231170
2131689698 2131689719
2130903277 2130903294
2131165417 2131165483
2131230950 2131231203
2131689697 2131689718
2130903276 2130903293
2131165416 2131165482
2131230951 2131231204
2131689696 2131689717
2130903283 2130903300
2131165431 2131165518
2131230968 2131231208
2131689727 2131689748
2130903282 2130903299
2131165430 2131165517
2131230969 2131231179
2131689726 2131689747
2130903281 2130903298
2131165429 2131165516
2131230970 2131231209
2131689725 2131689746
2130903280 2130903297
2131165428 2131165515
2131230971 2131231210
2131689724 2131689745
2130903287 2130903304
2131165427 2131165514
2131230972 2131231135
2131689723 2131689744
2130903286 2130903303
2131165426 2131165513
2131230973 2131231148
2131689722 2131689743
2130903285 2130903302
2131165425 2131165512
2131230974 2131231211
2131689721 2131689742
2130903284 2130903301
2131165424 2131165511
2131230975 2131231180
2131689720 2131689741
2130903291 2130903308
2131165439 2131165531
2131230960 2131231173
2131689719 2131689740
2130903290 2130903307
2131165438 2131165530
2131230961 2131231174
2131689718 2131689739
2130903289 2130903306
2131165437 2131165529
2131230962 2131231175
2131689717 2131689738
2130903288 2130903305
2131165436 2131165523
2131230963 2131231176
2131689716 2131689737
2130903295 2130903314
2131165435 2131165522
2131230964 2131231177
2131689715 2131689736
2130903294 2130903313
2131165434 2131165521
2131230965 2131231178
2131689714 2131689735
2130903293 2130903312
2131165433 2131165520
2131230966 2131231206
2131689713 2131689734
2130903292 2130903309
2131165432 2131165519
2131230967 2131231207
2131689712 2131689733
